-7.567654981235796186e+01
-7.559089050641195229e+01
-7.691234865932582920e+01
-7.562012417549401277e+01
-7.826828281308094404e+01
-7.539592789524365912e+01
-6.985214163685556343e+01
-7.683648118474023647e+01
-7.423996419256992851e+01
-7.517212705699712672e+01
-7.827562772472209929e+01
-7.850218889294662006e+01
-7.866272067272512913e+01
-8.068567061686555064e+01
-7.826828281308094404e+01
-7.898182423875046254e+01
-7.805331878425724312e+01
-7.616513411169540859e+01
-7.322494774894958880e+01
-8.074624717635363425e+01
-7.567654981235796186e+01
-7.850218889294662006e+01
-7.948783102745206008e+01
-7.872386765612850468e+01
-7.826828281308094404e+01
-8.053802103690296121e+01
-7.751957135725835712e+01
-8.038001374050510606e+01
-7.956916494525302141e+01
-7.303440698961534849e+01
-7.850218889294662006e+01
-7.151284891780997555e+01
-7.956916494525302141e+01
-7.197508650437244171e+01
-8.006529977861430325e+01
-7.827562772472209929e+01
-7.872386765612850468e+01
-7.936299913475102130e+01
-7.779443077174609300e+01
-8.068997334667372456e+01
-7.322494774894958880e+01
-8.074624717635363425e+01
-7.956916494525302141e+01
-7.197508650437244171e+01
-8.006529977861430325e+01
-7.827562772472209929e+01
-6.935574808112353651e+01
-7.992346110876415821e+01
-6.967695720504030987e+01
-7.239438405422077949e+01
-8.088201502877143412e+01
-8.068567061686555064e+01
-7.751957135725835712e+01
-7.898182423875046254e+01
-8.053802103690296121e+01
-7.408111509530014871e+01
-7.255372172262453034e+01
-7.779443077174609300e+01
-7.825399104401212469e+01
-7.307987856220866263e+01
-7.827562772472209929e+01
-7.996473747904715879e+01
-6.967695720504030987e+01
-7.931770168818151490e+01
-7.850218889294662006e+01
-7.445919345775190834e+01
-8.088201502877143412e+01
-7.751957135725835712e+01
-7.408111509530014871e+01
-8.006529977861430325e+01
-7.037588893279843205e+01
-7.722679423648263253e+01
-8.074624717635363425e+01
-7.956916494525302141e+01
-7.876418536581361707e+01
-7.322494774894958880e+01
-8.068997334667372456e+01
-7.317405319714013956e+01
-7.002554182575343589e+01
-7.489570043961636259e+01
-7.197508650437244171e+01
-7.616513411169540859e+01
-7.303440698961534849e+01
-8.074624717635363425e+01
-7.779443077174609300e+01
-8.068997334667372456e+01
-7.956916494525302141e+01
-7.151284891780997555e+01
-7.873173151513634593e+01
-7.876418536581361707e+01
-7.317405319714013956e+01
-8.006529977861430325e+01
-7.876418536581361707e+01
-7.873173151513634593e+01
-8.074624717635363425e+01
-7.956916494525302141e+01
-7.037588893279843205e+01
-7.996473747904715879e+01
-7.151284891780997555e+01
-7.779443077174609300e+01
