1.603981340118959409e+01
7.094188339229676288e+00
7.278943523829464191e+00
1.658922096242655542e+01
1.372084051987902242e+01
7.127663958755602991e+00
7.859058218880349500e+00
7.822593378363054128e+00
9.056084917896638942e+00
8.138534591128355089e+00
1.011143100034238174e+01
1.311896832298136317e+01
1.160037674243355710e+01
8.023384647771997891e+00
1.372084051987902242e+01
1.249763177261221259e+01
1.025240382145265627e+01
1.697560180818776843e+01
9.862272083120720012e+00
7.771672493575344731e+00
1.603981340118959409e+01
1.311896832298136317e+01
1.646509628209182097e+01
1.557683721599718396e+01
1.372084051987902242e+01
1.639838293368548250e+01
1.010520011581088795e+01
8.646177611332886315e+00
8.034361215502089593e+00
7.254023729846458046e+00
1.311896832298136317e+01
1.405045182168658080e+01
8.034361215502089593e+00
1.470518421198118730e+01
1.196861297137596658e+01
1.011143100034238174e+01
1.557683721599718396e+01
7.360196562862187264e+00
1.376285709329939699e+01
7.353547382646104857e+00
9.862272083120720012e+00
7.771672493575344731e+00
8.034361215502089593e+00
1.470518421198118730e+01
1.196861297137596658e+01
1.011143100034238174e+01
6.922470954040511160e+00
7.432868792248659595e+00
7.784499231837397559e+00
1.398576524769252671e+01
6.992525143855639946e+00
8.023384647771997891e+00
1.010520011581088795e+01
1.249763177261221259e+01
1.639838293368548250e+01
1.335627844150909915e+01
8.319923877956815872e+00
1.376285709329939699e+01
7.902614601475882239e+00
7.633110624585194515e+00
1.011143100034238174e+01
7.450403898693086724e+00
7.784499231837397559e+00
8.303697509895142659e+00
1.311896832298136317e+01
1.001901574375511750e+01
6.992525143855639946e+00
1.010520011581088795e+01
1.335627844150909915e+01
1.196861297137596658e+01
8.257824042271218801e+00
1.245293497657593029e+01
7.771672493575344731e+00
8.034361215502089593e+00
9.709643268179382503e+00
9.862272083120720012e+00
7.353547382646104857e+00
8.854406725255449473e+00
1.462483743078943910e+01
9.132491995354682146e+00
1.470518421198118730e+01
1.697560180818776843e+01
7.254023729846458046e+00
7.771672493575344731e+00
1.376285709329939699e+01
7.353547382646104857e+00
8.034361215502089593e+00
1.405045182168658080e+01
7.603037543044549373e+00
9.709643268179382503e+00
8.854406725255449473e+00
1.196861297137596658e+01
9.709643268179382503e+00
7.603037543044549373e+00
7.771672493575344731e+00
8.034361215502089593e+00
8.257824042271218801e+00
7.450403898693086724e+00
1.405045182168658080e+01
1.376285709329939699e+01
