6.826871445569290486e+00
4.206722154252722667e+00
5.372236970060674466e+00
4.056593698869754405e+00
4.609826159537885104e+00
3.519344760603195787e+00
5.476204405540594955e+00
5.018757612202211504e+00
6.282271803694493784e+00
6.935952830456409757e+00
4.881568855041381383e+00
6.886297765780562408e+00
5.639733312532865028e+00
3.414197530462087293e+00
4.609826159537885104e+00
6.099315268152012415e+00
5.804308827192217635e+00
6.712548787982876242e+00
6.285826505809605891e+00
6.037883732658526625e+00
6.826871445569290486e+00
6.886297765780562408e+00
3.952049865574720044e+00
3.291464576695507294e+00
4.609826159537885104e+00
4.118128313839088506e+00
6.085017453594593562e+00
4.137428387194830748e+00
5.045939054782817124e+00
6.848911826221262267e+00
6.886297765780562408e+00
5.750687667366382705e+00
5.045939054782817124e+00
5.222681687884308310e+00
5.445835515077334321e+00
4.881568855041381383e+00
3.291464576695507294e+00
5.861916106492726541e+00
5.917206409792056476e+00
4.488710177061548734e+00
6.285826505809605891e+00
6.037883732658526625e+00
5.045939054782817124e+00
5.222681687884308310e+00
5.445835515077334321e+00
4.881568855041381383e+00
6.503759594892702722e+00
5.580221955109625931e+00
3.121880736987447058e+00
4.354587370435378801e+00
5.182459936359061992e+00
3.414197530462087293e+00
6.085017453594593562e+00
6.099315268152012415e+00
4.118128313839088506e+00
6.406180019084899868e+00
4.943013102790187574e+00
5.917206409792056476e+00
5.155660364011058761e+00
4.626164420924769871e+00
4.881568855041381383e+00
6.208526349336745298e+00
3.121880736987447058e+00
3.494326636515748596e+00
6.886297765780562408e+00
6.736247730668106115e+00
5.182459936359061992e+00
6.085017453594593562e+00
6.406180019084899868e+00
5.445835515077334321e+00
6.847368772188264785e+00
5.401953849695147802e+00
6.037883732658526625e+00
5.045939054782817124e+00
5.361489090865495299e+00
6.285826505809605891e+00
4.488710177061548734e+00
4.430879312407184578e+00
4.303062478572845961e+00
4.436724655441162568e+00
5.222681687884308310e+00
6.712548787982876242e+00
6.848911826221262267e+00
6.037883732658526625e+00
5.917206409792056476e+00
4.488710177061548734e+00
5.045939054782817124e+00
5.750687667366382705e+00
5.997501748261967691e+00
5.361489090865495299e+00
4.430879312407184578e+00
5.445835515077334321e+00
5.361489090865495299e+00
5.997501748261967691e+00
6.037883732658526625e+00
5.045939054782817124e+00
6.847368772188264785e+00
6.208526349336745298e+00
5.750687667366382705e+00
5.917206409792056476e+00
